# t_ms,src,dport,csp_flags,is_rdp,index,epoch,dropped
3599239662,5425,9,0x00,0,0,0,0
3599240094,5425,9,0x00,0,1,0,0
3599240526,5425,9,0x00,0,2,0,0
3599240959,5425,9,0x00,0,3,0,0
3599241391,5425,9,0x00,0,4,0,0
3599241823,5425,9,0x00,0,5,0,0
3599242256,5425,9,0x00,0,6,0,0
3599242688,5425,9,0x00,0,7,0,1
3599243115,5425,9,0x00,0,8,0,1
3599243542,5425,9,0x00,0,9,0,1
3599243969,5425,9,0x00,0,10,0,1
3599244396,5425,9,0x00,0,11,0,1
3599244822,5425,9,0x00,0,12,0,1
3599245249,5425,9,0x00,0,13,0,1
3599245676,5425,9,0x00,0,14,0,1
3599246103,5425,9,0x00,0,15,0,1
3599246530,5425,9,0x00,0,16,0,1
3599246957,5425,9,0x00,0,17,0,1
3599247384,5425,9,0x00,0,18,0,1
3599247811,5425,9,0x00,0,19,0,1
3599248237,5425,9,0x00,0,20,0,1
3599248664,5425,9,0x00,0,21,0,1
3599249091,5425,9,0x00,0,22,0,1
3599249518,5425,9,0x00,0,23,0,1
3599249945,5425,9,0x00,0,24,0,1
3599250372,5425,9,0x00,0,25,0,1
3599250799,5425,9,0x00,0,26,0,0
3599251231,5425,9,0x00,0,27,0,0
3599251664,5425,9,0x00,0,28,0,0
3599252096,5425,9,0x00,0,29,0,0
3599252528,5425,9,0x00,0,30,0,0
3599252960,5425,9,0x00,0,31,0,0
3599253393,5425,9,0x00,0,32,0,0
3599253825,5425,9,0x00,0,33,0,0
3599254257,5425,9,0x00,0,34,0,0
3599254690,5425,9,0x00,0,35,0,0
3599255122,5425,9,0x00,0,36,0,0
3599255554,5425,9,0x00,0,37,0,0
3599255987,5425,9,0x00,0,38,0,0
3599256419,5425,9,0x00,0,39,0,0
3599256851,5425,9,0x00,0,40,0,0
3599257283,5425,9,0x00,0,41,0,0
3599257716,5425,9,0x00,0,42,0,0
3599258148,5425,9,0x00,0,43,0,0
3599258580,5425,9,0x00,0,44,0,1
3599259007,5425,9,0x00,0,45,0,1
3599259434,5425,9,0x00,0,46,0,1
3599259861,5425,9,0x00,0,47,0,1
3599260288,5425,9,0x00,0,48,0,1
3599260715,5425,9,0x00,0,49,0,1
3599261142,5425,9,0x00,0,50,0,0
3599261574,5425,9,0x00,0,51,0,0
3599262006,5425,9,0x00,0,52,0,0
3599262439,5425,9,0x00,0,53,0,0
3599262871,5425,9,0x00,0,54,0,0
3599263303,5425,9,0x00,0,55,0,0
3599263736,5425,9,0x00,0,56,0,0
3599264168,5425,9,0x00,0,57,0,1
3599264595,5425,9,0x00,0,58,0,0
3599265027,5425,9,0x00,0,59,0,0
3599265460,5425,9,0x00,0,60,0,0
3599265892,5425,9,0x00,0,61,0,0
3599266325,5425,9,0x00,0,62,0,0
3599266757,5425,9,0x00,0,63,0,0
3599267189,5425,9,0x00,0,64,0,0
3599267622,5425,9,0x00,0,65,0,0
3599268054,5425,9,0x00,0,66,0,0
3599268486,5425,9,0x00,0,67,0,0
3599268918,5425,9,0x00,0,68,0,0
3599269351,5425,9,0x00,0,69,0,0
3599269783,5425,9,0x00,0,70,0,0
3599270216,5425,9,0x00,0,71,0,0
3599270648,5425,9,0x00,0,72,0,0
3599271080,5425,9,0x00,0,73,0,0
3599271513,5425,9,0x00,0,74,0,0
3599271945,5425,9,0x00,0,75,0,0
3599272377,5425,9,0x00,0,76,0,0
3599272809,5425,9,0x00,0,77,0,0
3599273242,5425,9,0x00,0,78,0,0
3599273674,5425,9,0x00,0,79,0,0
3599274106,5425,9,0x00,0,80,0,0
3599274539,5425,9,0x00,0,81,0,0
3599274971,5425,9,0x00,0,82,0,0
3599275403,5425,9,0x00,0,83,0,0
3599275836,5425,9,0x00,0,84,0,0
3599276268,5425,9,0x00,0,85,0,0
3599276701,5425,9,0x00,0,86,0,0
3599277133,5425,9,0x00,0,87,0,1
3599277560,5425,9,0x00,0,88,0,1
3599277987,5425,9,0x00,0,89,0,0
3599278419,5425,9,0x00,0,90,0,1
3599278846,5425,9,0x00,0,91,0,1
3599279273,5425,9,0x00,0,92,0,1
3599279700,5425,9,0x00,0,93,0,0
3599280132,5425,9,0x00,0,94,0,1
3599280559,5425,9,0x00,0,95,0,1
3599280986,5425,9,0x00,0,96,0,0
3599281418,5425,9,0x00,0,97,0,0
3599281850,5425,9,0x00,0,98,0,0
3599282283,5425,9,0x00,0,99,0,0
3599282715,5425,9,0x00,0,100,0,0
3599283148,5425,9,0x00,0,101,0,0
3599283580,5425,9,0x00,0,102,0,0
3599284012,5425,9,0x00,0,103,0,0
3599284445,5425,9,0x00,0,104,0,1
3599284871,5425,9,0x00,0,105,0,1
3599285298,5425,9,0x00,0,106,0,1
3599285725,5425,9,0x00,0,107,0,1
3599286152,5425,9,0x00,0,108,0,1
3599286579,5425,9,0x00,0,109,0,0
3599287011,5425,9,0x00,0,110,0,0
3599287444,5425,9,0x00,0,111,0,0
3599287876,5425,9,0x00,0,112,0,0
3599288308,5425,9,0x00,0,113,0,0
3599288741,5425,9,0x00,0,114,0,0
3599289173,5425,9,0x00,0,115,0,0
3599289605,5425,9,0x00,0,116,0,0
3599290037,5425,9,0x00,0,117,0,0
3599290470,5425,9,0x00,0,118,0,0
3599290902,5425,9,0x00,0,119,0,0
3599291335,5425,9,0x00,0,120,0,1
3599291761,5425,9,0x00,0,121,0,1
3599292188,5425,9,0x00,0,122,0,1
3599292615,5425,9,0x00,0,123,0,1
3599293042,5425,9,0x00,0,124,0,1
3599293469,5425,9,0x00,0,125,0,0
3599293901,5425,9,0x00,0,126,0,0
3599294334,5425,9,0x00,0,127,0,0
3599294766,5425,9,0x00,0,128,0,0
3599295199,5425,9,0x00,0,129,0,0
3599295631,5425,9,0x00,0,130,0,0
3599296063,5425,9,0x00,0,131,0,0
3599296496,5425,9,0x00,0,132,0,0
3599296928,5425,9,0x00,0,133,0,0
3599297360,5425,9,0x00,0,134,0,0
3599297793,5425,9,0x00,0,135,0,0
3599298225,5425,9,0x00,0,136,0,0
3599298657,5425,9,0x00,0,137,0,0
3599299090,5425,9,0x00,0,138,0,0
3599299522,5425,9,0x00,0,139,0,0
3599299955,5425,9,0x00,0,140,0,0
3599300387,5425,9,0x00,0,141,0,0
3599300819,5425,9,0x00,0,142,0,0
3599301252,5425,9,0x00,0,143,0,0
3599301684,5425,9,0x00,0,144,0,0
3599302116,5425,9,0x00,0,145,0,0
3599302549,5425,9,0x00,0,146,0,0
3599302981,5425,9,0x00,0,147,0,0
3599303413,5425,9,0x00,0,148,0,0
3599303845,5425,9,0x00,0,149,0,0
3599304278,5425,9,0x00,0,150,0,0
3599304710,5425,9,0x00,0,151,0,0
3599305143,5425,9,0x00,0,152,0,0
3599305575,5425,9,0x00,0,153,0,0
3599306007,5425,9,0x00,0,154,0,0
3599306440,5425,9,0x00,0,155,0,0
3599306872,5425,9,0x00,0,156,0,0
3599307304,5425,9,0x00,0,157,0,0
3599307736,5425,9,0x00,0,158,0,0
3599308169,5425,9,0x00,0,159,0,0
3599308601,5425,9,0x00,0,160,0,0
3599309033,5425,9,0x00,0,161,0,0
3599309466,5425,9,0x00,0,162,0,0
3599309898,5425,9,0x00,0,163,0,0
3599310330,5425,9,0x00,0,164,0,0
3599310763,5425,9,0x00,0,165,0,0
3599311195,5425,9,0x00,0,166,0,0
3599311627,5425,9,0x00,0,167,0,0
3599312060,5425,9,0x00,0,168,0,0
3599312492,5425,9,0x00,0,169,0,0
3599312924,5425,9,0x00,0,170,0,0
3599313357,5425,9,0x00,0,171,0,0
3599313789,5425,9,0x00,0,172,0,0
3599314221,5425,9,0x00,0,173,0,0
3599314653,5425,9,0x00,0,174,0,0
3599315086,5425,9,0x00,0,175,0,0
3599315518,5425,9,0x00,0,176,0,0
3599315950,5425,9,0x00,0,177,0,0
3599316382,5425,9,0x00,0,178,0,0
3599316814,5425,9,0x00,0,179,0,0
3599317247,5425,9,0x00,0,180,0,0
3599317679,5425,9,0x00,0,181,0,0
3599318111,5425,9,0x00,0,182,0,0
3599318544,5425,9,0x00,0,183,0,0
3599318976,5425,9,0x00,0,184,0,0
3599319408,5425,9,0x00,0,185,0,0
3599319841,5425,9,0x00,0,186,0,0
3599320273,5425,9,0x00,0,187,0,0
3599320705,5425,9,0x00,0,188,0,0
3599321138,5425,9,0x00,0,189,0,0
3599321570,5425,9,0x00,0,190,0,0
3599322002,5425,9,0x00,0,191,0,0
3599322435,5425,9,0x00,0,192,0,0
3599322867,5425,9,0x00,0,193,0,1
3599323294,5425,9,0x00,0,194,0,0
3599323726,5425,9,0x00,0,195,0,0
3599324159,5425,9,0x00,0,196,0,0
3599324591,5425,9,0x00,0,197,0,0
3599325023,5425,9,0x00,0,198,0,0
3599325455,5425,9,0x00,0,199,0,0
3599325888,5425,9,0x00,0,200,0,0
3599326320,5425,9,0x00,0,201,0,0
3599326752,5425,9,0x00,0,202,0,0
3599327185,5425,9,0x00,0,203,0,1
3599327612,5425,9,0x00,0,204,0,1
3599328039,5425,9,0x00,0,205,0,1
3599328466,5425,9,0x00,0,206,0,1
3599328892,5425,9,0x00,0,207,0,1
3599329319,5425,9,0x00,0,208,0,0
3599329752,5425,9,0x00,0,209,0,0
3599330184,5425,9,0x00,0,210,0,0
3599330616,5425,9,0x00,0,211,0,0
3599331049,5425,9,0x00,0,212,0,0
3599331481,5425,9,0x00,0,213,0,0
3599331913,5425,9,0x00,0,214,0,0
3599332346,5425,9,0x00,0,215,0,0
3599332778,5425,9,0x00,0,216,0,0
3599333210,5425,9,0x00,0,217,0,0
3599333643,5425,9,0x00,0,218,0,0
3599334075,5425,9,0x00,0,219,0,0
3599334507,5425,9,0x00,0,220,0,0
3599334940,5425,9,0x00,0,221,0,0
3599335372,5425,9,0x00,0,222,0,0
3599335804,5425,9,0x00,0,223,0,0
3599336237,5425,9,0x00,0,224,0,0
3599336669,5425,9,0x00,0,225,0,0
3599337101,5425,9,0x00,0,226,0,0
3599337533,5425,9,0x00,0,227,0,0
3599337966,5425,9,0x00,0,228,0,0
3599338398,5425,9,0x00,0,229,0,0
3599338830,5425,9,0x00,0,230,0,0
3599339262,5425,9,0x00,0,231,0,0
3599339695,5425,9,0x00,0,232,0,0
3599340127,5425,9,0x00,0,233,0,0
3599340559,5425,9,0x00,0,234,0,0
3599340991,5425,9,0x00,0,235,0,0
3599341424,5425,9,0x00,0,236,0,0
3599341856,5425,9,0x00,0,237,0,0
3599342288,5425,9,0x00,0,238,0,0
3599342720,5425,9,0x00,0,239,0,0
3599343152,5425,9,0x00,0,240,0,0
3599343585,5425,9,0x00,0,241,0,0
3599344017,5425,9,0x00,0,242,0,0
3599344450,5425,9,0x00,0,243,0,0
3599344882,5425,9,0x00,0,244,0,0
3599345314,5425,9,0x00,0,245,0,1
3599345741,5425,9,0x00,0,246,0,0
3599346173,5425,9,0x00,0,247,0,0
3599346605,5425,9,0x00,0,248,0,0
3599347038,5425,9,0x00,0,249,0,0
3599347470,5425,9,0x00,0,250,0,0
3599347902,5425,9,0x00,0,251,0,0
3599348335,5425,9,0x00,0,252,0,0
3599348767,5425,9,0x00,0,253,0,0
3599349199,5425,9,0x00,0,254,0,0
3599349632,5425,9,0x00,0,255,0,0
3599350064,5425,9,0x00,0,256,0,0
3599350496,5425,9,0x00,0,257,0,0
3599350929,5425,9,0x00,0,258,0,0
3599351361,5425,9,0x00,0,259,0,0
3599351793,5425,9,0x00,0,260,0,0
3599352226,5425,9,0x00,0,261,0,0
3599352658,5425,9,0x00,0,262,0,1
3599353085,5425,9,0x00,0,263,0,1
3599353512,5425,9,0x00,0,264,0,1
3599353939,5425,9,0x00,0,265,0,1
3599354366,5425,9,0x00,0,266,0,0
3599354798,5425,9,0x00,0,267,0,0
3599355230,5425,9,0x00,0,268,0,0
3599355663,5425,9,0x00,0,269,0,0
3599356095,5425,9,0x00,0,270,0,0
3599356527,5425,9,0x00,0,271,0,0
3599356960,5425,9,0x00,0,272,0,0
3599357392,5425,9,0x00,0,273,0,0
3599357824,5425,9,0x00,0,274,0,0
3599358257,5425,9,0x00,0,275,0,0
3599358689,5425,9,0x00,0,276,0,0
3599359121,5425,9,0x00,0,277,0,0
3599359554,5425,9,0x00,0,278,0,0
3599359986,5425,9,0x00,0,279,0,0
3599360418,5425,9,0x00,0,280,0,0
3599360851,5425,9,0x00,0,281,0,0
3599361283,5425,9,0x00,0,282,0,0
3599361715,5425,9,0x00,0,283,0,0
3599362148,5425,9,0x00,0,284,0,0
3599362580,5425,9,0x00,0,285,0,0
3599363012,5425,9,0x00,0,286,0,0
3599363444,5425,9,0x00,0,287,0,0
3599363877,5425,9,0x00,0,288,0,0
3599364309,5425,9,0x00,0,289,0,0
3599364741,5425,9,0x00,0,290,0,0
3599365174,5425,9,0x00,0,291,0,1
3599365601,5425,9,0x00,0,292,0,1
3599366028,5425,9,0x00,0,293,0,1
3599366454,5425,9,0x00,0,294,0,1
3599366881,5425,9,0x00,0,295,0,0
3599367313,5425,9,0x00,0,296,0,0
3599367746,5425,9,0x00,0,297,0,0
3599368178,5425,9,0x00,0,298,0,0
3599368610,5425,9,0x00,0,299,0,0
3599369043,5425,9,0x00,0,300,0,0
3599369475,5425,9,0x00,0,301,0,0
3599369907,5425,9,0x00,0,302,0,0
3599370340,5425,9,0x00,0,303,0,0
3599370772,5425,9,0x00,0,304,0,0
3599371205,5425,9,0x00,0,305,0,0
3599371637,5425,9,0x00,0,306,0,0
3599372069,5425,9,0x00,0,307,0,0
3599372501,5425,9,0x00,0,308,0,0
3599372933,5425,9,0x00,0,309,0,0
3599373365,5425,9,0x00,0,310,0,0
3599373798,5425,9,0x00,0,311,0,0
3599374230,5425,9,0x00,0,312,0,0
3599374662,5425,9,0x00,0,313,0,0
3599375095,5425,9,0x00,0,314,0,0
3599375527,5425,9,0x00,0,315,0,0
3599375959,5425,9,0x00,0,316,0,0
3599376391,5425,9,0x00,0,317,0,0
3599376823,5425,9,0x00,0,318,0,0
3599377256,5425,9,0x00,0,319,0,0
3599377688,5425,9,0x00,0,320,0,0
3599378120,5425,9,0x00,0,321,0,0
3599378553,5425,9,0x00,0,322,0,0
3599378985,5425,9,0x00,0,323,0,0
3599379417,5425,9,0x00,0,324,0,0
3599379850,5425,9,0x00,0,325,0,0
3599380282,5425,9,0x00,0,326,0,0
3599380714,5425,9,0x00,0,327,0,0
3599381146,5425,9,0x00,0,328,0,0
3599381579,5425,9,0x00,0,329,0,1
3599382006,5425,9,0x00,0,330,0,1
3599382432,5425,9,0x00,0,331,0,0
3599382865,5425,9,0x00,0,332,0,0
3599383297,5425,9,0x00,0,333,0,0
3599383729,5425,9,0x00,0,334,0,0
3599384162,5425,9,0x00,0,335,0,0
3599384594,5425,9,0x00,0,336,0,0
3599385026,5425,9,0x00,0,337,0,0
3599385459,5425,9,0x00,0,338,0,1
3599385886,5425,9,0x00,0,339,0,1
3599386312,5425,9,0x00,0,340,0,1
3599386739,5425,9,0x00,0,341,0,1
3599387166,5425,9,0x00,0,342,0,1
3599387593,5425,9,0x00,0,343,0,0
3599388025,5425,9,0x00,0,344,0,0
3599388458,5425,9,0x00,0,345,0,0
3599388890,5425,9,0x00,0,346,0,0
3599389323,5425,9,0x00,0,347,0,0
3599389755,5425,9,0x00,0,348,0,0
3599390187,5425,9,0x00,0,349,0,0
3599390620,5425,9,0x00,0,350,0,0
3599391052,5425,9,0x00,0,351,0,0
3599391484,5425,9,0x00,0,352,0,0
3599391917,5425,9,0x00,0,353,0,0
3599392349,5425,9,0x00,0,354,0,0
3599392781,5425,9,0x00,0,355,0,0
3599393213,5425,9,0x00,0,356,0,0
3599393646,5425,9,0x00,0,357,0,0
3599394078,5425,9,0x00,0,358,0,0
3599394510,5425,9,0x00,0,359,0,0
3599394943,5425,9,0x00,0,360,0,0
3599395375,5425,9,0x00,0,361,0,0
3599395807,5425,9,0x00,0,362,0,0
3599396240,5425,9,0x00,0,363,0,0
3599396672,5425,9,0x00,0,364,0,0
3599397104,5425,9,0x00,0,365,0,0
3599397537,5425,9,0x00,0,366,0,1
3599397964,5425,9,0x00,0,367,0,1
3599398391,5425,9,0x00,0,368,0,1
3599398818,5425,9,0x00,0,369,0,1
3599399244,5425,9,0x00,0,370,0,0
3599399677,5425,9,0x00,0,371,0,0
3599400109,5425,9,0x00,0,372,0,1
3599400536,5425,9,0x00,0,373,0,0
3599400968,5425,9,0x00,0,374,0,0
3599401401,5425,9,0x00,0,375,0,0
3599401833,5425,9,0x00,0,376,0,0
3599402265,5425,9,0x00,0,377,0,0
3599402698,5425,9,0x00,0,378,0,0
3599403130,5425,9,0x00,0,379,0,0
3599403562,5425,9,0x00,0,380,0,0
3599403995,5425,9,0x00,0,381,0,0
3599404427,5425,9,0x00,0,382,0,0
3599404859,5425,9,0x00,0,383,0,0
3599405291,5425,9,0x00,0,384,0,0
3599405724,5425,9,0x00,0,385,0,0
3599406156,5425,9,0x00,0,386,0,1
3599406583,5425,9,0x00,0,387,0,0
3599407015,5425,9,0x00,0,388,0,0
3599407447,5425,9,0x00,0,389,0,1
3599407874,5425,9,0x00,0,390,0,1
3599408301,5425,9,0x00,0,391,0,1
3599408728,5425,9,0x00,0,392,0,1
3599409155,5425,9,0x00,0,393,0,1
3599409582,5425,9,0x00,0,394,0,1
3599410009,5425,9,0x00,0,395,0,0
3599410441,5425,9,0x00,0,396,0,0
3599410873,5425,9,0x00,0,397,0,0
3599411306,5425,9,0x00,0,398,0,0
3599411738,5425,9,0x00,0,399,0,0
3599412170,5425,9,0x00,0,400,0,0
3599412603,5425,9,0x00,0,401,0,0
3599413035,5425,9,0x00,0,402,0,0
3599413468,5425,9,0x00,0,403,0,0
3599413900,5425,9,0x00,0,404,0,0
3599414332,5425,9,0x00,0,405,0,0
3599414765,5425,9,0x00,0,406,0,0
3599415197,5425,9,0x00,0,407,0,0
3599415629,5425,9,0x00,0,408,0,0
3599416062,5425,9,0x00,0,409,0,0
3599416494,5425,9,0x00,0,410,0,1
3599416921,5425,9,0x00,0,411,0,1
3599417348,5425,9,0x00,0,412,0,1
3599417775,5425,9,0x00,0,413,0,1
3599418202,5425,9,0x00,0,414,0,0
3599418634,5425,9,0x00,0,415,0,0
3599419066,5425,9,0x00,0,416,0,0
3599419499,5425,9,0x00,0,417,0,0
3599419931,5425,9,0x00,0,418,0,0
3599420363,5425,9,0x00,0,419,0,0
3599420795,5425,9,0x00,0,420,0,1
3599421222,5425,9,0x00,0,421,0,0
3599421655,5425,9,0x00,0,422,0,0
3599422087,5425,9,0x00,0,423,0,0
3599422519,5425,9,0x00,0,424,0,1
3599422946,5425,9,0x00,0,425,0,1
3599423373,5425,9,0x00,0,426,0,1
3599423800,5425,9,0x00,0,427,0,0
3599424232,5425,9,0x00,0,428,0,0
3599424665,5425,9,0x00,0,429,0,0
3599425097,5425,9,0x00,0,430,0,0
3599425529,5425,9,0x00,0,431,0,0
3599425962,5425,9,0x00,0,432,0,0
3599426394,5425,9,0x00,0,433,0,0
3599426826,5425,9,0x00,0,434,0,0
3599427258,5425,9,0x00,0,435,0,0
3599427691,5425,9,0x00,0,436,0,0
3599428123,5425,9,0x00,0,437,0,0
3599428556,5425,9,0x00,0,438,0,0
3599428988,5425,9,0x00,0,439,0,0
3599429420,5425,9,0x00,0,440,0,0
3599429853,5425,9,0x00,0,441,0,0
3599430285,5425,9,0x00,0,442,0,0
3599430717,5425,9,0x00,0,443,0,0
3599431150,5425,9,0x00,0,444,0,0
3599431582,5425,9,0x00,0,445,0,0
3599432014,5425,9,0x00,0,446,0,0
3599432447,5425,9,0x00,0,447,0,0
3599432879,5425,9,0x00,0,448,0,0
3599433311,5425,9,0x00,0,449,0,1
3599433738,5425,9,0x00,0,450,0,1
3599434165,5425,9,0x00,0,451,0,1
3599434592,5425,9,0x00,0,452,0,0
3599435024,5425,9,0x00,0,453,0,0
3599435456,5425,9,0x00,0,454,0,0
3599435889,5425,9,0x00,0,455,0,0
3599436321,5425,9,0x00,0,456,0,0
3599436753,5425,9,0x00,0,457,0,0
3599437185,5425,9,0x00,0,458,0,0
3599437618,5425,9,0x00,0,459,0,0
3599438050,5425,9,0x00,0,460,0,0
3599438482,5425,9,0x00,0,461,0,0
3599438915,5425,9,0x00,0,462,0,0
3599439347,5425,9,0x00,0,463,0,0
3599439779,5425,9,0x00,0,464,0,0
3599440212,5425,9,0x00,0,465,0,0
3599440644,5425,9,0x00,0,466,0,0
3599441076,5425,9,0x00,0,467,0,0
3599441509,5425,9,0x00,0,468,0,0
3599441941,5425,9,0x00,0,469,0,0
3599442373,5425,9,0x00,0,470,0,0
3599442806,5425,9,0x00,0,471,0,0
3599443238,5425,9,0x00,0,472,0,0
3599443670,5425,9,0x00,0,473,0,0
3599444102,5425,9,0x00,0,474,0,0
3599444535,5425,9,0x00,0,475,0,0
3599444967,5425,9,0x00,0,476,0,0
3599445399,5425,9,0x00,0,477,0,0
3599445832,5425,9,0x00,0,478,0,0
3599446264,5425,9,0x00,0,479,0,0
3599446697,5425,9,0x00,0,480,0,0
3599447129,5425,9,0x00,0,481,0,0
3599447561,5425,9,0x00,0,482,0,0
3599447994,5425,9,0x00,0,483,0,0
3599448426,5425,9,0x00,0,484,0,0
3599448858,5425,9,0x00,0,485,0,0
3599449291,5425,9,0x00,0,486,0,0
3599449723,5425,9,0x00,0,487,0,0
3599450156,5425,9,0x00,0,488,0,0
3599450588,5425,9,0x00,0,489,0,1
3599451015,5425,9,0x00,0,490,0,1
3599451442,5425,9,0x00,0,491,0,0
3599451874,5425,9,0x00,0,492,0,0
3599452306,5425,9,0x00,0,493,0,0
3599452739,5425,9,0x00,0,494,0,0
3599453171,5425,9,0x00,0,495,0,0
3599453603,5425,9,0x00,0,496,0,0
3599454036,5425,9,0x00,0,497,0,1
3599454462,5425,9,0x00,0,498,0,1
3599454889,5425,9,0x00,0,499,0,1
3599455316,5425,9,0x00,0,500,0,1
3599455743,5425,9,0x00,0,501,0,1
3599456170,5425,9,0x00,0,502,0,1
3599456597,5425,9,0x00,0,503,0,1
3599457024,5425,9,0x00,0,504,0,1
3599457451,5425,9,0x00,0,505,0,0
3599457883,5425,9,0x00,0,506,0,0
3599458315,5425,9,0x00,0,507,0,0
3599458747,5425,9,0x00,0,508,0,0
3599459179,5425,9,0x00,0,509,0,0
3599459611,5425,9,0x00,0,510,0,0
3599460043,5425,9,0x00,0,511,0,0
3599460476,5425,9,0x00,0,512,0,0
3599460908,5425,9,0x00,0,513,0,0
3599461340,5425,9,0x00,0,514,0,0
3599461773,5425,9,0x00,0,515,0,0
3599462205,5425,9,0x00,0,516,0,0
3599462637,5425,9,0x00,0,517,0,0
3599463069,5425,9,0x00,0,518,0,0
3599463502,5425,9,0x00,0,519,0,0
3599463934,5425,9,0x00,0,520,0,0
3599464366,5425,9,0x00,0,521,0,1
3599464793,5425,9,0x00,0,522,0,1
3599465220,5425,9,0x00,0,523,0,1
3599465647,5425,9,0x00,0,524,0,1
3599466074,5425,9,0x00,0,525,0,1
3599466501,5425,9,0x00,0,526,0,1
3599466928,5425,9,0x00,0,527,0,1
3599467355,5425,9,0x00,0,528,0,1
3599467781,5425,9,0x00,0,529,0,1
3599468208,5425,9,0x00,0,530,0,1
3599468635,5425,9,0x00,0,531,0,1
3599469062,5425,9,0x00,0,532,0,0
3599469495,5425,9,0x00,0,533,0,0
3599469927,5425,9,0x00,0,534,0,0
3599470359,5425,9,0x00,0,535,0,0
3599470791,5425,9,0x00,0,536,0,0
3599471224,5425,9,0x00,0,537,0,1
3599471651,5425,9,0x00,0,538,0,1
3599472077,5425,9,0x00,0,539,0,0
3599472510,5425,9,0x00,0,540,0,0
3599472942,5425,9,0x00,0,541,0,0
3599473374,5425,9,0x00,0,542,0,1
3599473801,5425,9,0x00,0,543,0,1
3599474228,5425,9,0x00,0,544,0,1
3599474655,5425,9,0x00,0,545,0,0
3599475088,5425,9,0x00,0,546,0,0
3599475520,5425,9,0x00,0,547,0,0
3599475952,5425,9,0x00,0,548,0,0
3599476384,5425,9,0x00,0,549,0,0
3599476817,5425,9,0x00,0,550,0,0
3599477249,5425,9,0x00,0,551,0,0
3599477681,5425,9,0x00,0,552,0,0
3599478114,5425,9,0x00,0,553,0,0
3599478546,5425,9,0x00,0,554,0,0
3599478978,5425,9,0x00,0,555,0,0
3599479411,5425,9,0x00,0,556,0,0
3599479843,5425,9,0x00,0,557,0,0
3599480275,5425,9,0x00,0,558,0,0
3599480708,5425,9,0x00,0,559,0,0
3599481140,5425,9,0x00,0,560,0,0
3599481572,5425,9,0x00,0,561,0,0
3599482005,5425,9,0x00,0,562,0,0
3599482437,5425,9,0x00,0,563,0,0
3599482869,5425,9,0x00,0,564,0,0
3599483301,5425,9,0x00,0,565,0,0
3599483734,5425,9,0x00,0,566,0,0
3599484166,5425,9,0x00,0,567,0,0
3599484598,5425,9,0x00,0,568,0,0
3599485031,5425,9,0x00,0,569,0,0
3599485463,5425,9,0x00,0,570,0,0
3599485895,5425,9,0x00,0,571,0,0
3599486327,5425,9,0x00,0,572,0,0
3599486760,5425,9,0x00,0,573,0,0
3599487192,5425,9,0x00,0,574,0,0
3599487624,5425,9,0x00,0,575,0,0
3599488057,5425,9,0x00,0,576,0,0
3599488489,5425,9,0x00,0,577,0,0
3599488921,5425,9,0x00,0,578,0,0
3599489354,5425,9,0x00,0,579,0,0
3599489786,5425,9,0x00,0,580,0,0
3599490218,5425,9,0x00,0,581,0,0
3599490651,5425,9,0x00,0,582,0,0
3599491083,5425,9,0x00,0,583,0,0
3599491515,5425,9,0x00,0,584,0,0
3599491948,5425,9,0x00,0,585,0,0
3599492380,5425,9,0x00,0,586,0,0
3599492812,5425,9,0x00,0,587,0,0
3599493244,5425,9,0x00,0,588,0,0
3599493677,5425,9,0x00,0,589,0,0
3599494109,5425,9,0x00,0,590,0,1
3599494536,5425,9,0x00,0,591,0,1
3599494963,5425,9,0x00,0,592,0,1
3599495390,5425,9,0x00,0,593,0,1
3599495817,5425,9,0x00,0,594,0,1
3599496243,5425,9,0x00,0,595,0,1
3599496670,5425,9,0x00,0,596,0,1
3599497097,5425,9,0x00,0,597,0,1
3599497524,5425,9,0x00,0,598,0,1
3599497951,5425,9,0x00,0,599,0,0
3599498383,5425,9,0x00,0,600,0,0
3599498816,5425,9,0x00,0,601,0,0
3599499248,5425,9,0x00,0,602,0,0
3599499680,5425,9,0x00,0,603,0,0
3599500113,5425,9,0x00,0,604,0,0
3599500545,5425,9,0x00,0,605,0,0
3599500977,5425,9,0x00,0,606,0,0
3599501410,5425,9,0x00,0,607,0,1
3599501837,5425,9,0x00,0,608,0,1
3599502263,5425,9,0x00,0,609,0,1
3599502690,5425,9,0x00,0,610,0,1
3599503117,5425,9,0x00,0,611,0,0
3599503550,5425,9,0x00,0,612,0,0
3599503982,5425,9,0x00,0,613,0,0
3599504414,5425,9,0x00,0,614,0,0
3599504847,5425,9,0x00,0,615,0,0
3599505279,5425,9,0x00,0,616,0,0
3599505711,5425,9,0x00,0,617,0,0
3599506143,5425,9,0x00,0,618,0,0
3599506576,5425,9,0x00,0,619,0,1
3599507003,5425,9,0x00,0,620,0,1
3599507430,5425,9,0x00,0,621,0,1
3599507856,5425,9,0x00,0,622,0,1
3599508283,5425,9,0x00,0,623,0,1
3599508710,5425,9,0x00,0,624,0,1
3599509137,5425,9,0x00,0,625,0,1
3599509564,5425,9,0x00,0,626,0,1
3599509991,5425,9,0x00,0,627,0,1
3599510418,5425,9,0x00,0,628,0,0
3599510850,5425,9,0x00,0,629,0,0
3599511283,5425,9,0x00,0,630,0,0
3599511715,5425,9,0x00,0,631,0,0
3599512147,5425,9,0x00,0,632,0,0
3599512580,5425,9,0x00,0,633,0,0
3599513012,5425,9,0x00,0,634,0,0
3599513444,5425,9,0x00,0,635,0,0
3599513877,5425,9,0x00,0,636,0,0
3599514309,5425,9,0x00,0,637,0,0
3599514741,5425,9,0x00,0,638,0,0
3599515174,5425,9,0x00,0,639,0,0
3599515606,5425,9,0x00,0,640,0,0
3599516038,5425,9,0x00,0,641,0,0
3599516471,5425,9,0x00,0,642,0,0
3599516903,5425,9,0x00,0,643,0,0
3599517335,5425,9,0x00,0,644,0,0
3599517768,5425,9,0x00,0,645,0,0
3599518200,5425,9,0x00,0,646,0,0
3599518632,5425,9,0x00,0,647,0,0
3599519065,5425,9,0x00,0,648,0,0
3599519497,5425,9,0x00,0,649,0,0
3599519929,5425,9,0x00,0,650,0,0
3599520362,5425,9,0x00,0,651,0,0
3599520794,5425,9,0x00,0,652,0,0
3599521226,5425,9,0x00,0,653,0,0
3599521659,5425,9,0x00,0,654,0,0
3599522091,5425,9,0x00,0,655,0,0
3599522523,5425,9,0x00,0,656,0,0
3599522955,5425,9,0x00,0,657,0,0
3599523388,5425,9,0x00,0,658,0,0
3599523820,5425,9,0x00,0,659,0,0
3599524252,5425,9,0x00,0,660,0,0
3599524685,5425,9,0x00,0,661,0,0
3599525117,5425,9,0x00,0,662,0,1
3599525544,5425,9,0x00,0,663,0,1
3599525971,5425,9,0x00,0,664,0,1
3599526398,5425,9,0x00,0,665,0,1
3599526825,5425,9,0x00,0,666,0,1
3599527251,5425,9,0x00,0,667,0,0
3599527684,5425,9,0x00,0,668,0,0
3599528116,5425,9,0x00,0,669,0,0
3599528549,5425,9,0x00,0,670,0,0
3599528981,5425,9,0x00,0,671,0,0
3599529413,5425,9,0x00,0,672,0,0
3599529846,5425,9,0x00,0,673,0,0
3599530278,5425,9,0x00,0,674,0,0
3599530710,5425,9,0x00,0,675,0,0
3599531142,5425,9,0x00,0,676,0,0
3599531575,5425,9,0x00,0,677,0,0
3599532007,5425,9,0x00,0,678,0,0
3599532440,5425,9,0x00,0,679,0,0
3599532872,5425,9,0x00,0,680,0,0
3599533304,5425,9,0x00,0,681,0,0
3599533737,5425,9,0x00,0,682,0,0
3599534169,5425,9,0x00,0,683,0,1
3599534596,5425,9,0x00,0,684,0,1
3599535023,5425,9,0x00,0,685,0,1
3599535450,5425,9,0x00,0,686,0,1
3599535877,5425,9,0x00,0,687,0,1
3599536303,5425,9,0x00,0,688,0,1
3599536730,5425,9,0x00,0,689,0,1
3599537157,5425,9,0x00,0,690,0,0
3599537590,5425,9,0x00,0,691,0,0
3599538022,5425,9,0x00,0,692,0,0
3599538454,5425,9,0x00,0,693,0,0
3599538887,5425,9,0x00,0,694,0,0
3599539319,5425,9,0x00,0,695,0,0
3599539751,5425,9,0x00,0,696,0,0
3599540184,5425,9,0x00,0,697,0,0
3599540616,5425,9,0x00,0,698,0,0
3599541048,5425,9,0x00,0,699,0,0
3599541481,5425,9,0x00,0,700,0,0
3599541913,5425,9,0x00,0,701,0,1
3599542340,5425,9,0x00,0,702,0,1
3599542767,5425,9,0x00,0,703,0,0
3599543199,5425,9,0x00,0,704,0,0
3599543631,5425,9,0x00,0,705,0,0
3599544064,5425,9,0x00,0,706,0,0
3599544496,5425,9,0x00,0,707,0,0
3599544928,5425,9,0x00,0,708,0,0
3599545361,5425,9,0x00,0,709,0,0
3599545793,5425,9,0x00,0,710,0,0
3599546225,5425,9,0x00,0,711,0,0
3599546657,5425,9,0x00,0,712,0,0
3599547090,5425,9,0x00,0,713,0,0
3599547522,5425,9,0x00,0,714,0,0
3599547954,5425,9,0x00,0,715,0,0
3599548387,5425,9,0x00,0,716,0,0
3599548819,5425,9,0x00,0,717,0,0
3599549252,5425,9,0x00,0,718,0,0
3599549684,5425,9,0x00,0,719,0,0
3599550116,5425,9,0x00,0,720,0,0
3599550549,5425,9,0x00,0,721,0,0
3599550981,5425,9,0x00,0,722,0,0
3599551413,5425,9,0x00,0,723,0,0
3599551846,5425,9,0x00,0,724,0,0
3599552278,5425,9,0x00,0,725,0,1
3599552705,5425,9,0x00,0,726,0,1
3599553132,5425,9,0x00,0,727,0,1
3599553558,5425,9,0x00,0,728,0,1
3599553985,5425,9,0x00,0,729,0,1
3599554412,5425,9,0x00,0,730,0,1
3599554839,5425,9,0x00,0,731,0,0
3599555272,5425,9,0x00,0,732,0,0
3599555704,5425,9,0x00,0,733,0,0
3599556136,5425,9,0x00,0,734,0,0
3599556568,5425,9,0x00,0,735,0,0
3599557001,5425,9,0x00,0,736,0,0
3599557433,5425,9,0x00,0,737,0,0
3599557865,5425,9,0x00,0,738,0,0
3599558298,5425,9,0x00,0,739,0,0
3599558730,5425,9,0x00,0,740,0,0
3599559163,5425,9,0x00,0,741,0,0
3599559595,5425,9,0x00,0,742,0,1
3599560022,5425,9,0x00,0,743,0,0
3599560454,5425,9,0x00,0,744,0,0
3599560886,5425,9,0x00,0,745,0,0
3599561319,5425,9,0x00,0,746,0,1
3599561746,5425,9,0x00,0,747,0,1
3599562173,5425,9,0x00,0,748,0,1
3599562600,5425,9,0x00,0,749,0,1
3599563026,5425,9,0x00,0,750,0,0
3599563459,5425,9,0x00,0,751,0,0
3599563891,5425,9,0x00,0,752,0,0
3599564323,5425,9,0x00,0,753,0,0
3599564756,5425,9,0x00,0,754,0,0
3599565188,5425,9,0x00,0,755,0,0
3599565620,5425,9,0x00,0,756,0,0
3599566053,5425,9,0x00,0,757,0,0
3599566485,5425,9,0x00,0,758,0,0
3599566917,5425,9,0x00,0,759,0,0
3599567349,5425,9,0x00,0,760,0,0
3599567782,5425,9,0x00,0,761,0,0
3599568214,5425,9,0x00,0,762,0,0
3599568646,5425,9,0x00,0,763,0,0
3599569079,5425,9,0x00,0,764,0,0
3599569511,5425,9,0x00,0,765,0,0
3599569943,5425,9,0x00,0,766,0,0
3599570376,5425,9,0x00,0,767,0,0
3599570808,5425,9,0x00,0,768,0,0
3599571240,5425,9,0x00,0,769,0,0
3599571673,5425,9,0x00,0,770,0,0
3599572105,5425,9,0x00,0,771,0,0
3599572537,5425,9,0x00,0,772,0,0
3599572970,5425,9,0x00,0,773,0,0
3599573402,5425,9,0x00,0,774,0,0
3599573834,5425,9,0x00,0,775,0,0
3599574266,5425,9,0x00,0,776,0,0
3599574699,5425,9,0x00,0,777,0,0
3599575131,5425,9,0x00,0,778,0,0
3599575563,5425,9,0x00,0,779,0,0
3599575996,5425,9,0x00,0,780,0,0
3599576428,5425,9,0x00,0,781,0,0
3599576860,5425,9,0x00,0,782,0,0
3599577292,5425,9,0x00,0,783,0,0
3599577725,5425,9,0x00,0,784,0,0
3599578157,5425,9,0x00,0,785,0,0
3599578589,5425,9,0x00,0,786,0,0
3599579021,5425,9,0x00,0,787,0,0
3599579453,5425,9,0x00,0,788,0,0
3599579885,5425,9,0x00,0,789,0,0
3599580318,5425,9,0x00,0,790,0,0
3599580750,5425,9,0x00,0,791,0,0
3599581182,5425,9,0x00,0,792,0,0
3599581614,5425,9,0x00,0,793,0,0
3599582047,5425,9,0x00,0,794,0,0
3599582479,5425,9,0x00,0,795,0,0
3599582911,5425,9,0x00,0,796,0,0
3599583344,5425,9,0x00,0,797,0,0
3599583776,5425,9,0x00,0,798,0,0
3599584208,5425,9,0x00,0,799,0,0
3599584641,5425,9,0x00,0,800,0,0
3599585073,5425,9,0x00,0,801,0,0
3599585505,5425,9,0x00,0,802,0,1
3599585932,5425,9,0x00,0,803,0,0
3599586364,5425,9,0x00,0,804,0,0
3599586797,5425,9,0x00,0,805,0,0
3599587229,5425,9,0x00,0,806,0,0
3599587661,5425,9,0x00,0,807,0,0
3599588094,5425,9,0x00,0,808,0,0
3599588526,5425,9,0x00,0,809,0,0
3599588958,5425,9,0x00,0,810,0,0
3599589391,5425,9,0x00,0,811,0,0
3599589823,5425,9,0x00,0,812,0,0
3599590255,5425,9,0x00,0,813,0,0
3599590688,5425,9,0x00,0,814,0,0
3599591120,5425,9,0x00,0,815,0,0
3599591552,5425,9,0x00,0,816,0,0
3599591985,5425,9,0x00,0,817,0,0
3599592417,5425,9,0x00,0,818,0,0
3599592850,5425,9,0x00,0,819,0,0
3599593282,5425,9,0x00,0,820,0,0
3599593714,5425,9,0x00,0,821,0,0
3599594146,5425,9,0x00,0,822,0,0
3599594579,5425,9,0x00,0,823,0,0
3599595011,5425,9,0x00,0,824,0,0
3599595443,5425,9,0x00,0,825,0,0
3599595876,5425,9,0x00,0,826,0,0
3599596308,5425,9,0x00,0,827,0,1
3599596735,5425,9,0x00,0,828,0,1
3599597162,5425,9,0x00,0,829,0,1
3599597589,5425,9,0x00,0,830,0,1
3599598016,5425,9,0x00,0,831,0,1
3599598442,5425,9,0x00,0,832,0,1
3599598869,5425,9,0x00,0,833,0,1
3599599296,5425,9,0x00,0,834,0,1
3599599723,5425,9,0x00,0,835,0,1
3599600150,5425,9,0x00,0,836,0,0
3599600582,5425,9,0x00,0,837,0,1
3599601009,5425,9,0x00,0,838,0,1
3599601436,5425,9,0x00,0,839,0,1
3599601863,5425,9,0x00,0,840,0,0
3599602296,5425,9,0x00,0,841,0,0
3599602728,5425,9,0x00,0,842,0,1
3599603155,5425,9,0x00,0,843,0,1
3599603582,5425,9,0x00,0,844,0,1
3599604009,5425,9,0x00,0,845,0,0
3599604441,5425,9,0x00,0,846,0,0
3599604873,5425,9,0x00,0,847,0,0
3599605306,5425,9,0x00,0,848,0,0
3599605738,5425,9,0x00,0,849,0,0
3599606170,5425,9,0x00,0,850,0,0
3599606603,5425,9,0x00,0,851,0,0
3599607035,5425,9,0x00,0,852,0,0
3599607467,5425,9,0x00,0,853,0,0
3599607900,5425,9,0x00,0,854,0,0
3599608332,5425,9,0x00,0,855,0,0
3599608764,5425,9,0x00,0,856,0,0
3599609197,5425,9,0x00,0,857,0,0
3599609629,5425,9,0x00,0,858,0,0
3599610061,5425,9,0x00,0,859,0,0
3599610494,5425,9,0x00,0,860,0,0
3599610926,5425,9,0x00,0,861,0,0
3599611358,5425,9,0x00,0,862,0,0
3599611791,5425,9,0x00,0,863,0,0
3599612223,5425,9,0x00,0,864,0,0
3599612655,5425,9,0x00,0,865,0,0
3599613088,5425,9,0x00,0,866,0,0
3599613520,5425,9,0x00,0,867,0,0
3599613952,5425,9,0x00,0,868,0,0
3599614385,5425,9,0x00,0,869,0,0
3599614817,5425,9,0x00,0,870,0,1
3599615244,5425,9,0x00,0,871,0,1
3599615671,5425,9,0x00,0,872,0,0
3599616103,5425,9,0x00,0,873,0,0
3599616535,5425,9,0x00,0,874,0,0
3599616967,5425,9,0x00,0,875,0,0
3599617400,5425,9,0x00,0,876,0,0
3599617832,5425,9,0x00,0,877,0,0
3599618264,5425,9,0x00,0,878,0,0
3599618697,5425,9,0x00,0,879,0,1
3599619123,5425,9,0x00,0,880,0,1
3599619550,5425,9,0x00,0,881,0,1
3599619977,5425,9,0x00,0,882,0,1
3599620404,5425,9,0x00,0,883,0,1
3599620831,5425,9,0x00,0,884,0,1
3599621258,5425,9,0x00,0,885,0,1
3599621685,5425,9,0x00,0,886,0,1
3599622112,5425,9,0x00,0,887,0,1
3599622539,5425,9,0x00,0,888,0,1
3599622966,5425,9,0x00,0,889,0,1
3599623392,5425,9,0x00,0,890,0,1
3599623819,5425,9,0x00,0,891,0,1
3599624246,5425,9,0x00,0,892,0,1
3599624673,5425,9,0x00,0,893,0,1
3599625100,5425,9,0x00,0,894,0,1
3599625527,5425,9,0x00,0,895,0,1
3599625954,5425,9,0x00,0,896,0,1
3599626381,5425,9,0x00,0,897,0,1
3599626808,5425,9,0x00,0,898,0,1
3599627235,5425,9,0x00,0,899,0,1
3599627661,5425,9,0x00,0,900,0,1
3599628088,5425,9,0x00,0,901,0,1
3599628515,5425,9,0x00,0,902,0,0
3599628948,5425,9,0x00,0,903,0,0
3599629380,5425,9,0x00,0,904,0,0
3599629812,5425,9,0x00,0,905,0,0
3599630245,5425,9,0x00,0,906,0,0
3599630677,5425,9,0x00,0,907,0,0
3599631109,5425,9,0x00,0,908,0,0
3599631542,5425,9,0x00,0,909,0,0
3599631974,5425,9,0x00,0,910,0,0
3599632406,5425,9,0x00,0,911,0,0
3599632839,5425,9,0x00,0,912,0,0
3599633271,5425,9,0x00,0,913,0,0
3599633703,5425,9,0x00,0,914,0,0
3599634135,5425,9,0x00,0,915,0,0
3599634568,5425,9,0x00,0,916,0,1
3599634995,5425,9,0x00,0,917,0,1
3599635422,5425,9,0x00,0,918,0,0
3599635854,5425,9,0x00,0,919,0,0
3599636286,5425,9,0x00,0,920,0,0
3599636719,5425,9,0x00,0,921,0,0
3599637151,5425,9,0x00,0,922,0,0
3599637583,5425,9,0x00,0,923,0,1
3599638010,5425,9,0x00,0,924,0,1
3599638437,5425,9,0x00,0,925,0,1
3599638864,5425,9,0x00,0,926,0,1
3599639291,5425,9,0x00,0,927,0,0
3599639723,5425,9,0x00,0,928,0,0
3599640155,5425,9,0x00,0,929,0,0
3599640588,5425,9,0x00,0,930,0,0
3599641020,5425,9,0x00,0,931,0,0
3599641452,5425,9,0x00,0,932,0,0
3599641885,5425,9,0x00,0,933,0,0
3599642317,5425,9,0x00,0,934,0,0
3599642749,5425,9,0x00,0,935,0,0
3599643181,5425,9,0x00,0,936,0,0
3599643614,5425,9,0x00,0,937,0,0
3599644046,5425,9,0x00,0,938,0,0
3599644479,5425,9,0x00,0,939,0,0
3599644911,5425,9,0x00,0,940,0,0
3599645343,5425,9,0x00,0,941,0,0
3599645776,5425,9,0x00,0,942,0,0
3599646208,5425,9,0x00,0,943,0,0
3599646640,5425,9,0x00,0,944,0,0
3599647072,5425,9,0x00,0,945,0,0
3599647505,5425,9,0x00,0,946,0,0
3599647937,5425,9,0x00,0,947,0,0
3599648369,5425,9,0x00,0,948,0,0
3599648801,5425,9,0x00,0,949,0,0
3599649234,5425,9,0x00,0,950,0,0
3599649666,5425,9,0x00,0,951,0,0
3599650099,5425,9,0x00,0,952,0,0
3599650531,5425,9,0x00,0,953,0,0
3599650963,5425,9,0x00,0,954,0,0
3599651396,5425,9,0x00,0,955,0,0
3599651828,5425,9,0x00,0,956,0,0
3599652260,5425,9,0x00,0,957,0,0
3599652693,5425,9,0x00,0,958,0,0
3599653125,5425,9,0x00,0,959,0,0
3599653557,5425,9,0x00,0,960,0,0
3599653990,5425,9,0x00,0,961,0,0
3599654422,5425,9,0x00,0,962,0,0
3599654854,5425,9,0x00,0,963,0,0
3599655286,5425,9,0x00,0,964,0,0
3599655719,5425,9,0x00,0,965,0,0
3599656151,5425,9,0x00,0,966,0,0
3599656583,5425,9,0x00,0,967,0,0
3599657016,5425,9,0x00,0,968,0,0
3599657448,5425,9,0x00,0,969,0,0
3599657880,5425,9,0x00,0,970,0,0
3599658313,5425,9,0x00,0,971,0,0
3599658745,5425,9,0x00,0,972,0,0
3599659177,5425,9,0x00,0,973,0,0
3599659610,5425,9,0x00,0,974,0,1
3599660037,5425,9,0x00,0,975,0,1
3599660464,5425,9,0x00,0,976,0,1
3599660891,5425,9,0x00,0,977,0,0
3599661323,5425,9,0x00,0,978,0,0
3599661755,5425,9,0x00,0,979,0,0
3599662187,5425,9,0x00,0,980,0,0
3599662620,5425,9,0x00,0,981,0,0
3599663052,5425,9,0x00,0,982,0,0
3599663484,5425,9,0x00,0,983,0,0
3599663917,5425,9,0x00,0,984,0,0
3599664349,5425,9,0x00,0,985,0,0
3599664781,5425,9,0x00,0,986,0,0
3599665214,5425,9,0x00,0,987,0,0
3599665646,5425,9,0x00,0,988,0,0
3599666078,5425,9,0x00,0,989,0,0
3599666510,5425,9,0x00,0,990,0,0
3599666943,5425,9,0x00,0,991,0,0
3599667375,5425,9,0x00,0,992,0,0
3599667807,5425,9,0x00,0,993,0,0
3599668239,5425,9,0x00,0,994,0,0
3599668674,5425,9,0x00,0,995,0,0
3599669106,5425,9,0x00,0,996,0,0
3599669538,5425,9,0x00,0,997,0,0
3599669971,5425,9,0x00,0,998,0,0
3599670403,5425,9,0x00,0,999,0,0
3599670835,5425,9,0x00,0,1000,0,0
3599671268,5425,9,0x00,0,1001,0,0
3599671700,5425,9,0x00,0,1002,0,0
3599672132,5425,9,0x00,0,1003,0,0
3599672564,5425,9,0x00,0,1004,0,0
3599672997,5425,9,0x00,0,1005,0,0
3599673429,5425,9,0x00,0,1006,0,0
3599673861,5425,9,0x00,0,1007,0,0
3599674294,5425,9,0x00,0,1008,0,0
3599674726,5425,9,0x00,0,1009,0,0
3599675158,5425,9,0x00,0,1010,0,0
3599675591,5425,9,0x00,0,1011,0,0
3599676023,5425,9,0x00,0,1012,0,0
3599676455,5425,9,0x00,0,1013,0,0
3599676887,5425,9,0x00,0,1014,0,1
3599677314,5425,9,0x00,0,1015,0,1
3599677741,5425,9,0x00,0,1016,0,0
3599678174,5425,9,0x00,0,1017,0,0
3599678606,5425,9,0x00,0,1018,0,0
3599679038,5425,9,0x00,0,1019,0,0
3599679471,5425,9,0x00,0,1020,0,0
3599679903,5425,9,0x00,0,1021,0,0
3599680335,5425,9,0x00,0,1022,0,0
3599680768,5425,9,0x00,0,1023,0,0
3599681200,5425,9,0x00,0,1024,0,0
3599681632,5425,9,0x00,0,1025,0,1
3599682059,5425,9,0x00,0,1026,0,0
3599682492,5425,9,0x00,0,1027,0,0
3599682924,5425,9,0x00,0,1028,0,0
3599683356,5425,9,0x00,0,1029,0,0
3599683789,5425,9,0x00,0,1030,0,0
3599684221,5425,9,0x00,0,1031,0,1
3599684648,5425,9,0x00,0,1032,0,1
3599685075,5425,9,0x00,0,1033,0,1
3599685502,5425,9,0x00,0,1034,0,0
3599685934,5425,9,0x00,0,1035,0,0
3599686366,5425,9,0x00,0,1036,0,1
3599686793,5425,9,0x00,0,1037,0,0
3599687226,5425,9,0x00,0,1038,0,0
3599687658,5425,9,0x00,0,1039,0,0
3599688090,5425,9,0x00,0,1040,0,0
3599688523,5425,9,0x00,0,1041,0,0
3599688955,5425,9,0x00,0,1042,0,0
3599689387,5425,9,0x00,0,1043,0,0
3599689820,5425,9,0x00,0,1044,0,0
3599690252,5425,9,0x00,0,1045,0,0
3599690685,5425,9,0x00,0,1046,0,0
3599691117,5425,9,0x00,0,1047,0,0
3599691549,5425,9,0x00,0,1048,0,0
3599691982,5425,9,0x00,0,1049,0,0
3599692414,5425,9,0x00,0,1050,0,0
3599692846,5425,9,0x00,0,1051,0,0
3599693278,5425,9,0x00,0,1052,0,0
3599693710,5425,9,0x00,0,1053,0,0
3599694143,5425,9,0x00,0,1054,0,0
3599694575,5425,9,0x00,0,1055,0,0
3599695007,5425,9,0x00,0,1056,0,0
3599695440,5425,9,0x00,0,1057,0,0
